308.7279071893047 0.017456083888104244 348126183.042391 23908292.69649032 -8835340.490746276 22448927.471117217
308.19907564110264 0.02644223546387688 283120461.7790562 23874364.284142204 24078625.37255857 24478706.319838
307.8477091399529 0.024807054205154208 262351758.22971803 24018560.898023915 4694361.134145582 23091617.624684684
307.28329743488325 0.022613452866279336 290165185.9279709 24378756.40513475 2987234.3273755247 24238247.828335725
306.70826669687915 0.02537853504138216 285715677.9699166 23128887.3929812 16389131.154951038 23844423.248964198
306.3425722970191 0.021932585731701558 294996542.97706026 24158711.234306406 -7992409.481214336 24032906.596809786
305.88836936436167 0.023050301131172 287434024.07577974 22982765.321069844 24162498.733848117 23271437.632432852
305.4680154037841 0.021001315419914873 293123165.6238479 23679171.76540421 -4318792.700920386 23059652.51261367
305.07981683442534 0.022498021763106606 305274941.6378459 22072604.693618283 14545891.456173748 23069750.956838414
304.43196351297433 0.02364076009451241 298115531.2070288 23829067.206986986 -19466698.324709676 22944402.551768247
304.0982748651879 0.02549060032964265 327965187.18521476 23797579.93451766 -16885414.115470335 22748116.798448384
303.3675880017088 0.024967253789660315 318674003.0564865 22774032.066669945 -28059871.11797024 23098275.475457355
302.87525327421577 0.02455858586590027 334782314.9702083 22716259.25624524 -2263349.4572423585 22115840.751961283
302.5994631745971 0.02296804620404248 349122083.94716805 20685942.87598267 2268730.475252692 21513665.958073378
302.20011313295896 0.026534389582691456 358425080.2947312 23105222.29271655 -15574993.851672221 22501219.470951874
301.82956502748675 0.019419283926717976 342964175.4851641 23532903.300704658 13080089.578341274 21695985.145136498
301.28045484311497 0.027072168739744606 336864893.24278855 23120492.414912894 -5394363.286721461 22729037.836150583
301.07005183925077 0.017680157455126286 353949959.2249998 21922077.79392562 -14192689.538792977 22388927.010083
300.57149876623936 0.01790316298077543 334180911.46533316 21666943.862331223 21694729.66131737 23206455.4060793
299.95263935978585 0.020823977786316304 358966436.66227883 23526554.83449518 21631436.806245442 23021759.424642764
299.6635452793049 0.019174189691543216 368863225.2447459 23043476.50691342 -10351641.800818484 21622759.250568196
299.1282006428306 0.020847219884209414 384175486.04129356 22645983.741576802 -18832542.28865416 21848599.019648034
298.66616757575457 0.019741440032647124 338500375.2728718 21490914.716058757 4851852.966035544 22595399.535037275
298.2682689104256 0.01855173020720458 339947302.33949625 20171579.342017848 34189903.24330599 21197277.331796803
297.6122863704268 0.02210360296062835 362247847.4170981 21874736.523924258 7059014.756036575 20790369.035269395
297.4470822911844 0.020334915005507073 334445052.09644836 22693082.4669146 -4572357.941195842 22580174.96878291
297.30348209884824 0.021638747695902648 322930435.3503108 20965007.4630043 -26629202.950554352 21493680.302759532
296.9014182670129 0.026556885374906115 279331207.8140892 20348944.72717652 -12385445.649353521 21471185.40517216
296.3696901085245 0.025127772205237556 297595694.7044924 23538560.3542072 28035389.78341843 21206419.690057777
296.0247127820669 0.022125023212908154 276718722.59837765 21865305.973962177 -2199191.7285098475 20980456.957843177
295.5014092494579 0.02193192372182362 283201026.2020618 21427715.734675422 23268796.896890696 22577336.557477593
295.13050725029785 0.022862254426689432 303251870.3667779 23163230.062599774 9509422.218313646 21619618.36916904
294.58667542437564 0.025830547810882457 304964609.1170498 22128361.90409745 18765049.62320982 21560379.515701987
294.58445926332354 0.022402923024715467 278041504.20811135 23576217.90035163 -19625917.565120645 22557069.32340735
293.80596542785275 0.01985787540579942 300265083.2739184 24014581.080006514 20072762.591484606 22556000.60947003
293.12666460115076 0.02024427612188768 296794962.5362664 21396886.991300486 23895388.805591255 23796789.199948452
292.61823642969483 0.02592964009375761 282399324.3110758 21510406.309915 -23097.571551696063 23087866.78275863
292.15434268525246 0.025173359394798103 295213475.41674405 23436233.82084335 2830769.6186558935 23314292.139029603
291.72738372989903 0.023603339517543058 316013111.0032221 22357300.098520678 -6296759.311396219 22907015.625731684
291.18519318007003 0.018766842074127432 313139470.80435824 21147922.812108904 -2115131.884061153 22889200.289469007
